%YAML:1.0
---
image_width: 4000
image_height: 3000
camera_matrix: !!opencv-matrix
   rows: 3
   cols: 3
   dt: d
   data: [ 2.7178575327465005e+03, 0., 1.9545776828952501e+03, 0.,
       2.7114065252178048e+03, 1.4751312292661505e+03, 0., 0., 1. ]
distortion_coefficients: !!opencv-matrix
   rows: 1
   cols: 5
   dt: d
   data: [ 1.0362404610391798e-01, -1.2814487231394486e-01,
       1.1123110325514519e-03, -8.0572395502198791e-03,
       5.6667748899953865e-02 ]
